5.001768899999999712e-02
5.271008199999999838e-02
5.541709799999999797e-02
5.800231100000000084e-02
6.070107799999999859e-02
6.341391899999999915e-02
6.612243299999999435e-02
6.871987999999999708e-02
7.141249299999999356e-02
7.410529600000000106e-02
7.681725100000000306e-02
7.943019299999999616e-02
8.210362300000000058e-02
8.483541399999999788e-02
8.754028899999999336e-02
9.011703999999999548e-02
9.280925800000000558e-02
9.552964399999999690e-02
9.822387600000000163e-02
1.008290379999999958e-01
1.035392349999999934e-01
1.062495720000000005e-01
1.089528720000000062e-01
1.115225650000000041e-01
1.142458479999999971e-01
1.169423779999999996e-01
1.196033930000000023e-01
1.222197970000000050e-01
1.249230030000000047e-01
1.276440889999999884e-01
1.303048089999999937e-01
1.329721869999999917e-01
1.356425599999999954e-01
1.383120680000000102e-01
1.410611639999999889e-01
1.436320919999999890e-01
1.463632659999999919e-01
1.490811880000000034e-01
1.517811209999999911e-01
1.543613299999999910e-01
1.570078960000000079e-01
1.597231139999999994e-01
1.624048889999999967e-01
1.651547760000000031e-01
1.677555990000000052e-01
1.704183449999999989e-01
1.731449949999999960e-01
1.758199069999999975e-01
1.784369470000000124e-01
1.811128559999999887e-01
1.838494119999999898e-01
1.865198509999999865e-01
1.891175900000000021e-01
1.919040589999999880e-01
1.946154920000000010e-01
1.972449340000000106e-01
1.999280280000000076e-01
2.025207270000000115e-01
2.053125630000000035e-01
2.080110569999999992e-01
2.106087819999999944e-01
2.132554749999999999e-01
2.159523750000000020e-01
2.187007579999999951e-01
2.213356830000000053e-01
2.240185160000000009e-01
2.267504240000000060e-01
2.293572279999999963e-01
2.320092460000000023e-01
2.347075279999999986e-01
2.374531569999999980e-01
2.400594440000000107e-01
2.427088779999999890e-01
2.454024160000000121e-01
2.481410430000000056e-01
2.507253099999999790e-01
2.533501599999999909e-01
2.560164460000000086e-01
2.587250440000000151e-01
2.614768559999999797e-01
2.640561439999999926e-01
2.668936760000000241e-01
2.695537299999999914e-01
2.722537500000000166e-01
2.747645659999999879e-01
2.775434569999999934e-01
2.801279740000000018e-01
2.829888369999999931e-01
2.856499699999999753e-01
2.881018900000000271e-01
2.908356429999999770e-01
2.936084910000000270e-01
2.964211849999999759e-01
2.990133990000000130e-01
3.016397670000000031e-01
3.043008899999999906e-01
3.069973850000000115e-01
3.097298800000000130e-01
3.122204390000000163e-01
3.150231219999999888e-01
3.178637129999999922e-01
3.204532230000000093e-01
3.230745059999999835e-01
3.257280850000000005e-01
3.284144900000000034e-01
3.311342680000000094e-01
3.338879710000000056e-01
3.363646470000000166e-01
3.391839890000000191e-01
3.417199349999999747e-01
3.446070179999999872e-01
3.472041419999999934e-01
3.498307359999999755e-01
3.524872479999999753e-01
3.551741350000000019e-01
3.578918609999999778e-01
3.606409010000000137e-01
3.630723759999999745e-01
3.658814360000000043e-01
3.687232229999999888e-01
3.712370340000000213e-01
3.737766390000000216e-01
3.767110859999999728e-01
3.793071679999999724e-01
3.819301780000000091e-01
3.845804910000000243e-01
3.872584869999999846e-01
3.899645529999999916e-01
3.926990819999999771e-01
3.954624749999999800e-01
3.978543789999999802e-01
4.006724640000000059e-01
4.035205960000000092e-01
4.059860929999999923e-01
4.088911720000000249e-01
4.114061299999999810e-01
4.139443620000000101e-01
4.169354339999999937e-01
4.195250890000000177e-01
4.221389460000000149e-01
4.247773080000000201e-01
4.274404820000000105e-01
4.301287810000000156e-01
4.328425200000000084e-01
4.355820229999999849e-01
4.383476159999999955e-01
4.406724470000000227e-01
4.434867399999999904e-01
4.463280780000000170e-01
4.487167710000000143e-01
4.516086009999999984e-01
4.540398680000000131e-01
4.569833930000000155e-01
4.594582509999999842e-01
4.624547099999999911e-01
4.649742080000000000e-01
4.675143509999999947e-01
4.705900949999999860e-01
4.731764609999999927e-01
4.757842070000000145e-01
4.784135709999999819e-01
4.810647909999999916e-01
4.837381099999999989e-01
4.864337759999999844e-01
4.891520369999999840e-01
4.918931469999999750e-01
4.941026589999999996e-01
4.968855460000000113e-01
4.996920109999999915e-01
5.025223189999999951e-01
5.048039159999999637e-01
5.076778299999999966e-01
5.105763549999999817e-01
5.129130859999999625e-01
5.158566270000000120e-01
5.182297430000000205e-01
5.212192359999999747e-01
5.236294950000000004e-01
5.266659019999999636e-01
5.291140840000000400e-01
5.321983919999999646e-01
5.346852970000000038e-01
5.371896739999999504e-01
5.397116880000000227e-01
5.428892600000000401e-01
5.454515650000000271e-01
5.480320539999999907e-01
5.506308979999999798e-01
5.532482730000000126e-01
5.558843540000000250e-01
5.585393199999999503e-01
5.612133519999999987e-01
5.639066339999999622e-01
5.666193499999999661e-01
5.693516870000000507e-01
5.721038370000000040e-01
5.748759890000000317e-01
5.776683400000000024e-01
5.804810849999999522e-01
5.826041469999999611e-01
5.854530629999999958e-01
5.883229260000000238e-01
5.912139440000000468e-01
5.933962139999999774e-01
5.963247539999999569e-01
5.985354090000000182e-01
6.015021219999999724e-01
6.044909480000000279e-01
6.067472109999999530e-01
6.097752650000000108e-01
6.120612060000000243e-01
6.151291770000000270e-01
6.174453189999999925e-01
6.205539119999999853e-01
6.229007890000000103e-01
6.260507250000000301e-01
6.284288829999999937e-01
6.308206179999999996e-01
6.340308949999999832e-01
6.364547130000000053e-01
6.388924559999999975e-01
6.413442320000000141e-01
6.446352810000000044e-01
6.471202200000000238e-01
6.496195559999999869e-01
6.521333990000000025e-01
6.555079520000000048e-01
6.580560850000000128e-01
6.606191059999999560e-01
6.631971290000000518e-01
6.657902730000000435e-01
6.683986549999999527e-01
6.710223960000000210e-01
6.736616159999999631e-01
6.763164379999999642e-01
6.789869840000000156e-01
6.816733790000000237e-01
6.843757480000000060e-01
6.870942190000000060e-01
6.898289199999999566e-01
6.925799799999999840e-01
6.953475289999999642e-01
6.981317009999999934e-01
7.009326280000000020e-01
7.028092870000000048e-01
7.056384390000000062e-01
7.084847090000000458e-01
7.113482349999999954e-01
7.142291560000000317e-01
7.171276140000000243e-01
7.190697329999999887e-01
7.219977370000000283e-01
7.249436620000000442e-01
7.269176389999999488e-01
7.298937580000000036e-01
7.328881900000000504e-01
7.359010879999999810e-01
7.379200200000000098e-01
7.409640320000000502e-01
7.430038500000000212e-01
7.460794060000000005e-01
7.491740970000000388e-01
7.512479349999999778e-01
7.543748740000000286e-01
7.564703590000000366e-01
7.596299949999999468e-01
7.617474290000000314e-01
7.649402199999999485e-01
7.681531259999999639e-01
7.703063220000000433e-01
7.724685839999999581e-01
7.757290879999999555e-01
7.779142390000000074e-01
7.812093190000000131e-01
7.834176830000000313e-01
7.867478289999999541e-01
7.889797370000000143e-01
7.912211550000000093e-01
7.946012350000000168e-01
7.968666679999999447e-01
8.002830279999999519e-01
8.025728199999999646e-01
8.048724550000000422e-01
8.083404830000000540e-01
8.106649689999999575e-01
8.129994959999999882e-01
8.153441219999999490e-01
8.188801239999999870e-01
8.212502539999999573e-01
8.236306880000000552e-01
8.260214869999999987e-01
8.296272510000000100e-01
8.320442270000000251e-01
8.344717799999999963e-01
8.369099719999999465e-01
8.393588659999999813e-01
8.430524099999999743e-01
8.455283340000000480e-01
8.480151799999999795e-01
8.505130149999999833e-01
