9.600767607953456248e-07
9.600767607953456248e-07
9.600767607953456248e-07
9.600767607953456248e-07
9.600767607953456248e-07
9.600767607953456248e-07
9.600767607953456248e-07
9.600767607953456248e-07
9.600767607953456248e-07
9.600767607953456248e-07
9.600767607953456248e-07
7.686659431130765301e-07
4.317591054411662370e-07
4.345952260475138176e-07
7.497172310615792225e-07
8.634633664288437401e-07
8.634633664288437401e-07
8.634633664288437401e-07
8.634633664288437401e-07
8.634633664288437401e-07
8.634633664288437401e-07
8.634633664288437401e-07
8.634633664288437401e-07
8.634633664288437401e-07
8.634633664288437401e-07
8.634633664288437401e-07
8.634633664288437401e-07
8.634633664288437401e-07
8.634633664288437401e-07
8.634633664288437401e-07
8.634633664288437401e-07
8.634633664288437401e-07
8.634633664288437401e-07
8.634633664288437401e-07
8.634633664288437401e-07
8.634633664288437401e-07
8.634633664288437401e-07
8.634633664288437401e-07
8.634633664288437401e-07
8.634633664288437401e-07
8.634633664288437401e-07
8.634633664288437401e-07
8.634633664288437401e-07
8.634633664288437401e-07
8.634633664288437401e-07
8.632731022076363659e-07
7.495199857847170007e-07
5.707327875593884208e-07
5.948546675182007794e-07
7.824669915626987389e-07
8.420317760118070176e-07
8.420317760118070176e-07
8.420317760118070176e-07
8.420317760118070176e-07
8.420317760118070176e-07
8.420317760118070176e-07
8.420317760118070176e-07
8.420317760118070176e-07
8.420317760118070176e-07
8.420317760118070176e-07
8.416315976577502757e-07
7.050708223863525495e-07
5.030896510660865081e-07
5.381636504781217777e-07
7.529324086843008248e-07
8.080849688246829664e-07
8.080849688246829664e-07
8.080849688246829664e-07
8.080849688246829664e-07
8.080849688246829664e-07
8.080849688246829664e-07
8.080849688246829664e-07
8.080849688246829664e-07
8.080849688246829664e-07
8.080849688246829664e-07
8.080849688246829664e-07
8.080849688246829664e-07
8.080849688246829664e-07
8.080849688246829664e-07
8.080849688246829664e-07
8.080849688246829664e-07
8.080849688246829664e-07
8.080849688246829664e-07
8.080849688246829664e-07
8.080849688246829664e-07
8.080849688246829664e-07
8.080849688246829664e-07
8.080849688246829664e-07
8.080849688246829664e-07
8.080849688246829664e-07
8.080849688246829664e-07
8.080849688246829664e-07
8.080849688246829664e-07
8.080849688246829664e-07
8.080849688246829664e-07
8.080849688246829664e-07
8.080849688246829664e-07
8.080849688246829664e-07
8.080849688246829664e-07
8.080849688246829664e-07
8.080849688246829664e-07
8.080849688246829664e-07
8.080849688246829664e-07
7.919534939177745575e-07
5.632241834421114047e-07
4.391632604158460509e-07
5.044433230437705530e-07
7.282419603643197010e-07
7.473623512336547217e-07
7.473623512336547217e-07
7.473623512336547217e-07
7.473623512336547217e-07
7.473623512336547217e-07
7.473623512336547217e-07
7.473623512336547217e-07
7.473623512336547217e-07
7.473623512336547217e-07
7.473623512336547217e-07
7.451859081772170772e-07
5.430190796895443187e-07
3.431482897466621762e-07
3.657998863036225234e-07
6.057870207275075092e-07
6.887915349639013337e-07
6.887915349639013337e-07
6.887915349639013337e-07
6.887915349639013337e-07
6.887915349639013337e-07
6.887915349639013337e-07
6.887915349639013337e-07
6.887915349639013337e-07
6.887915349639013337e-07
6.887915349639013337e-07
6.887915349639013337e-07
6.887915349639013337e-07
6.887915349639013337e-07
6.887915349639013337e-07
6.887915349639013337e-07
6.887915349639013337e-07
6.887915349639013337e-07
6.887915349639013337e-07
6.887915349639013337e-07
6.887915349639013337e-07
6.887915349639013337e-07
6.887915349639013337e-07
6.887915349639013337e-07
6.887915349639013337e-07
6.887915349639013337e-07
6.887915349639013337e-07
6.887915349639013337e-07
6.887915349639013337e-07
6.887915349639013337e-07
6.887915349639013337e-07
6.887915349639013337e-07
6.887915349639013337e-07
6.887915349639013337e-07
6.887915349639013337e-07
6.887915349639013337e-07
6.887915349639013337e-07
6.887915349639013337e-07
6.887915349639013337e-07
6.887915349639013337e-07
6.887915349639013337e-07
6.887915349639013337e-07
6.887915349639013337e-07
6.887915349639013337e-07
6.887915349639013337e-07
6.887915349639013337e-07
6.887915349639013337e-07
6.887915349639013337e-07
6.135901621132842337e-07
4.515672144362493028e-07
4.290321967722882151e-07
5.571351544544662850e-07
6.638053009335755313e-07
6.637127247931049934e-07
6.637127247931049934e-07
6.637127247931049934e-07
6.637127247931049934e-07
6.637127247931049934e-07
6.637127247931049934e-07
6.637127247931049934e-07
6.637127247931049934e-07
6.637127247931049934e-07
6.637127247931049934e-07
6.124750461577799687e-07
4.269338546069616578e-07
3.689427768383739727e-07
4.885648437988011118e-07
6.317021668831847842e-07
6.325640674454087586e-07
6.325640674454087586e-07
6.325640674454087586e-07
6.325640674454087586e-07
6.325640674454087586e-07
6.325640674454087586e-07
6.325640674454087586e-07
6.325640674454087586e-07
6.325640674454087586e-07
6.325640674454087586e-07
6.325640674454087586e-07
6.325640674454087586e-07
6.325640674454087586e-07
6.325640674454087586e-07
6.325640674454087586e-07
6.325640674454087586e-07
6.325640674454087586e-07
6.325640674454087586e-07
6.325640674454087586e-07
6.325640674454087586e-07
6.325640674454087586e-07
6.325640674454087586e-07
6.325640674454087586e-07
6.325640674454087586e-07
6.325640674454087586e-07
6.325640674454087586e-07
6.325640674454087586e-07
6.325640674454087586e-07
6.325640674454087586e-07
6.325640674454087586e-07
6.325640674454087586e-07
6.325640674454087586e-07
6.325640674454087586e-07
6.325640674454087586e-07
6.325640674454087586e-07
6.325640674454087586e-07
6.325640674454087586e-07
6.325640674454087586e-07
6.325640674454087586e-07
6.325640674454087586e-07
6.325640674454087586e-07
6.325640674454087586e-07
6.325640674454087586e-07
6.325640674454087586e-07
6.325640674454087586e-07
6.325640674454087586e-07
6.325640674454087586e-07
6.325640674454087586e-07
6.325640674454087586e-07
6.325640674454087586e-07
6.325640674454087586e-07
6.325640674454087586e-07
6.325640674454087586e-07
6.325640674454087586e-07
6.325640674454087586e-07
6.325640674454087586e-07
6.325640674454087586e-07
6.325640674454087586e-07
5.517108109697008759e-07
3.846703025376507220e-07
3.559273594974394610e-07
4.573987919868588314e-07
5.899648255616466391e-07
5.909939116165890306e-07
5.909939116165890306e-07
5.909939116165890306e-07
5.909939116165890306e-07
5.909939116165890306e-07
5.891964192533250438e-07
4.444247986931902633e-07
2.816882471468051797e-07
2.865383699608786055e-07
4.503207433134852199e-07
5.437467985242852440e-07
5.437467985242852440e-07
5.437467985242852440e-07
5.437467985242852440e-07
5.437467985242852440e-07
5.437467985242852440e-07
5.437467985242852440e-07
5.437467985242852440e-07
5.437467985242852440e-07
5.437467985242852440e-07
5.437467985242852440e-07
5.437467985242852440e-07
5.437467985242852440e-07
5.437467985242852440e-07
5.437467985242852440e-07
5.437467985242852440e-07
5.437467985242852440e-07
5.437467985242852440e-07
5.437467985242852440e-07
5.437467985242852440e-07
5.437467985242852440e-07
5.437467985242852440e-07
5.437467985242852440e-07
5.437467985242852440e-07
5.437467985242852440e-07
5.437467985242852440e-07
5.437467985242852440e-07
5.437467985242852440e-07
5.437467985242852440e-07
5.437467985242852440e-07
5.437467985242852440e-07
5.437467985242852440e-07
5.437467985242852440e-07
5.437467985242852440e-07
5.437467985242852440e-07
5.437467985242852440e-07
5.437467985242852440e-07
5.437467985242852440e-07
5.437467985242852440e-07
5.437467985242852440e-07
5.437467985242852440e-07
5.437467985242852440e-07
5.437467985242852440e-07
5.437467985242852440e-07
5.437467985242852440e-07
5.437467985242852440e-07
5.437467985242852440e-07
5.437467985242852440e-07
5.437467985242852440e-07
5.437467985242852440e-07
5.437467985242852440e-07
5.437467985242852440e-07
5.437467985242852440e-07
5.437467985242852440e-07
5.437467985242852440e-07
5.437467985242852440e-07
5.437467985242852440e-07
5.437467985242852440e-07
5.437467985242852440e-07
5.437467985242852440e-07
5.437467985242852440e-07
5.437467985242852440e-07
5.437467985242852440e-07
5.437467985242852440e-07
5.437467985242852440e-07
5.437467985242852440e-07
5.437467985242852440e-07
5.437467985242852440e-07
5.437467985242852440e-07
4.935868135632311118e-07
3.585771850292501964e-07
3.241059867673265177e-07
4.062092504213250554e-07
5.139933309634500239e-07
5.158876691339748412e-07
5.158876691339748412e-07
5.158876691339748412e-07
5.158876691339748412e-07
5.158876691339748412e-07
5.158876691339748412e-07
5.158876691339748412e-07
5.158876691339748412e-07
5.158876691339748412e-07
5.158876691339748412e-07
5.158876691339748412e-07
4.563231717804142965e-07
3.164452482492478343e-07
2.745567891318169517e-07
3.507444563010203625e-07
4.694127465265290484e-07
4.764834619933987025e-07
4.764834619933987025e-07
4.764834619933987025e-07
4.764834619933987025e-07
4.764834619933987025e-07
4.764834619933987025e-07
4.764834619933987025e-07
4.764834619933987025e-07
4.764834619933987025e-07
4.764834619933987025e-07
4.764834619933987025e-07
4.764834619933987025e-07
4.764834619933987025e-07
4.764834619933987025e-07
4.764834619933987025e-07
4.764834619933987025e-07
4.764834619933987025e-07
4.764834619933987025e-07
4.764834619933987025e-07
4.764834619933987025e-07
4.764834619933987025e-07
4.764834619933987025e-07
4.764834619933987025e-07
4.764834619933987025e-07
4.764834619933987025e-07
4.764834619933987025e-07
4.764834619933987025e-07
4.764834619933987025e-07
4.764834619933987025e-07
4.764834619933987025e-07
4.764834619933987025e-07
4.764834619933987025e-07
4.764834619933987025e-07
4.764834619933987025e-07
4.764834619933987025e-07
4.764834619933987025e-07
4.764834619933987025e-07
4.764834619933987025e-07
4.764834619933987025e-07
4.764834619933987025e-07
4.764834619933987025e-07
4.764834619933987025e-07
4.764834619933987025e-07
4.764834619933987025e-07
4.764834619933987025e-07
4.764834619933987025e-07
4.764834619933987025e-07
4.764834619933987025e-07
4.764834619933987025e-07
4.764834619933987025e-07
4.764834619933987025e-07
4.764834619933987025e-07
4.764834619933987025e-07
4.764834619933987025e-07
4.764834619933987025e-07
4.764834619933987025e-07
4.764834619933987025e-07
4.764834619933987025e-07
4.764834619933987025e-07
4.764834619933987025e-07
4.764834619933987025e-07
4.764834619933987025e-07
4.764834619933987025e-07
4.764834619933987025e-07
4.764834619933987025e-07
4.764834619933987025e-07
4.764834619933987025e-07
4.764834619933987025e-07
4.764834619933987025e-07
4.764834619933987025e-07
4.764834619933987025e-07
4.764834619933987025e-07
4.764834619933987025e-07
4.764834619933987025e-07
4.764834619933987025e-07
4.764834619933987025e-07
4.758549887482853214e-07
3.992981139689381072e-07
2.846350392389974829e-07
2.668560619496357426e-07
3.385361286388414562e-07
4.402361911365289297e-07
4.446300362414801497e-07
4.446300362414801497e-07
4.446300362414801497e-07
4.446300362414801497e-07
4.446300362414801497e-07
4.446300362414801497e-07
4.446300362414801497e-07
4.446300362414801497e-07
4.446300362414801497e-07
4.446300362414801497e-07
4.446300362414801497e-07
4.446300362414801497e-07
4.446300362414801497e-07
4.445452621425933500e-07
3.639632300635091029e-07
2.273829668309273050e-07
2.067745490523652730e-07
2.853071415277757576e-07
4.039583949838125387e-07
4.073696581947525195e-07
4.073696581947525195e-07
4.073696581947525195e-07
4.073696581947525195e-07
4.073696581947525195e-07
4.073696581947525195e-07
4.073696581947525195e-07
4.073696581947525195e-07
4.073696581947525195e-07
4.073696581947525195e-07
4.073696581947525195e-07
4.073696581947525195e-07
4.073696581947525195e-07
4.073696581947525195e-07
4.073696581947525195e-07
4.073696581947525195e-07
4.073696581947525195e-07
4.073696581947525195e-07
4.073696581947525195e-07
4.073696581947525195e-07
4.073696581947525195e-07
4.073696581947525195e-07
4.073696581947525195e-07
4.073696581947525195e-07
4.073696581947525195e-07
4.073696581947525195e-07
4.073696581947525195e-07
4.073696581947525195e-07
4.073696581947525195e-07
4.073696581947525195e-07
4.073696581947525195e-07
4.073696581947525195e-07
4.073696581947525195e-07
4.073696581947525195e-07
4.073696581947525195e-07
4.073696581947525195e-07
4.073696581947525195e-07
4.073696581947525195e-07
4.073696581947525195e-07
4.073696581947525195e-07
4.073696581947525195e-07
4.073696581947525195e-07
4.073696581947525195e-07
4.073696581947525195e-07
4.073696581947525195e-07
4.073696581947525195e-07
4.073696581947525195e-07
4.073696581947525195e-07
4.073696581947525195e-07
4.073696581947525195e-07
4.073696581947525195e-07
4.073696581947525195e-07
4.073696581947525195e-07
4.073696581947525195e-07
4.073696581947525195e-07
4.073696581947525195e-07
4.073696581947525195e-07
4.073696581947525195e-07
4.073696581947525195e-07
4.073696581947525195e-07
4.073696581947525195e-07
4.073696581947525195e-07
4.073696581947525195e-07
4.073696581947525195e-07
4.073696581947525195e-07
4.073696581947525195e-07
4.073696581947525195e-07
4.073696581947525195e-07
4.073696581947525195e-07
4.073696581947525195e-07
4.073696581947525195e-07
4.073696581947525195e-07
4.073696581947525195e-07
4.073696581947525195e-07
4.073696581947525195e-07
4.073696581947525195e-07
4.073696581947525195e-07
4.073696581947525195e-07
4.073696581947525195e-07
4.073696581947525195e-07
4.073696581947525195e-07
4.073696581947525195e-07
4.073696581947525195e-07
4.073696581947525195e-07
4.073696581947525195e-07
4.073696581947525195e-07
4.073696581947525195e-07
4.073696581947525195e-07
4.073696581947525195e-07
4.073696581947525195e-07
4.073696581947525195e-07
4.073696581947525195e-07
4.073696581947525195e-07
4.073696581947525195e-07
4.073696581947525195e-07
4.073696581947525195e-07
4.073696581947525195e-07
4.073696581947525195e-07
4.034465982299493517e-07
2.956066818835591409e-07
1.086060961331827133e-07
6.080693377644341011e-08
1.726977242636372119e-07
3.398600434946732476e-07
3.541164589079968860e-07
3.541164589079968860e-07
3.541164589079968860e-07
3.541164589079968860e-07
3.541164589079968860e-07
3.541164589079968860e-07
3.541164589079968860e-07
3.541164589079968860e-07
3.541164589079968860e-07
3.541164589079968860e-07
3.541164589079968860e-07
3.541164589079968860e-07
3.541164589079968860e-07
3.541164589079968860e-07
3.541164589079968860e-07
3.541164589079968860e-07
3.541164589079968860e-07
3.541164589079968860e-07
3.541164589079968860e-07
3.541164589079968860e-07
3.541164589079968860e-07
3.541164589079968860e-07
3.541164589079968860e-07
3.541164589079968860e-07
3.541164589079968860e-07
3.541164589079968860e-07
3.541164589079968860e-07
3.541164589079968860e-07
3.541164589079968860e-07
3.541164589079968860e-07
3.541164589079968860e-07
3.541164589079968860e-07
3.541164589079968860e-07
3.541164589079968860e-07
3.541164589079968860e-07
3.541164589079968860e-07
3.541164589079968860e-07
3.541164589079968860e-07
3.541164589079968860e-07
3.541164589079968860e-07
3.541164589079968860e-07
3.541164589079968860e-07
3.541164589079968860e-07
3.541164589079968860e-07
3.541164589079968860e-07
3.541164589079968860e-07
3.541164589079968860e-07
3.541164589079968860e-07
3.541164589079968860e-07
3.541164589079968860e-07
3.541164589079968860e-07
3.541164589079968860e-07
3.541164589079968860e-07
3.541164589079968860e-07
3.541164589079968860e-07
3.541164589079968860e-07
3.541164589079968860e-07
3.541164589079968860e-07
3.541164589079968860e-07
3.541164589079968860e-07
3.541164589079968860e-07
3.541164589079968860e-07
3.541164589079968860e-07
3.541164589079968860e-07
3.541164589079968860e-07
3.541164589079968860e-07
3.541164589079968860e-07
3.541164589079968860e-07
3.541164589079968860e-07
3.541164589079968860e-07
3.541164589079968860e-07
3.541164589079968860e-07
3.541164589079968860e-07
3.541164589079968860e-07
3.541164589079968860e-07
3.541164589079968860e-07
3.541164589079968860e-07
3.541164589079968860e-07
3.541164589079968860e-07
3.541164589079968860e-07
3.541164589079968860e-07
3.541164589079968860e-07
3.541164589079968860e-07
3.541164589079968860e-07
3.541164589079968860e-07
3.541164589079968860e-07
3.541164589079968860e-07
3.541164589079968860e-07
3.541164589079968860e-07
3.541164589079968860e-07
3.541164589079968860e-07
3.541164589079968860e-07
3.541164589079968860e-07
3.541164589079968860e-07
3.541164589079968860e-07
3.541164589079968860e-07
3.541164589079968860e-07
3.541164589079968860e-07
3.541164589079968860e-07
3.541164589079968860e-07
3.541164589079968860e-07
3.541164589079968860e-07
3.541164589079968860e-07
3.541164589079968860e-07
3.541164589079968860e-07
3.541164589079968860e-07
3.541164589079968860e-07
3.541164589079968860e-07
3.541164589079968860e-07
3.541164589079968860e-07
3.541164589079968860e-07
3.541164589079968860e-07
3.541164589079968860e-07
3.408568742484945180e-07
2.425717667655446535e-07
1.779029107463645565e-07
1.862503941348119805e-07
2.687646255000183994e-07
3.216178511994525725e-07
3.214841222433775676e-07
3.214841222433775676e-07
3.214841222433775676e-07
3.214841222433775676e-07
3.214841222433775676e-07
3.214841222433775676e-07
3.214841222433775676e-07
3.214841222433775676e-07
3.214841222433775676e-07
3.214841222433775676e-07
3.214841222433775676e-07
3.214841222433775676e-07
3.214841222433775676e-07
3.214841222433775676e-07
2.850696823120352998e-07
1.974961434459448734e-07
1.658958536677375805e-07
1.894698314262122198e-07
2.639043257653161249e-07
2.827620763752686685e-07
2.827620763752686685e-07
2.827620763752686685e-07
2.827620763752686685e-07
2.827620763752686685e-07
2.827620763752686685e-07
2.827620763752686685e-07
2.827620763752686685e-07
2.827620763752686685e-07
2.827620763752686685e-07
2.827620763752686685e-07
2.827620763752686685e-07
2.827620763752686685e-07
2.827620763752686685e-07
1.397493754097809609e-07
2.999002502976611807e-07
2.193721250603202722e-06
2.490324369717933580e-06
2.490324369717933580e-06
2.490324369717933580e-06
2.490324369717933580e-06
2.490324369717933580e-06
2.490324369717933580e-06
2.490324369717933580e-06
2.490324369717933580e-06
2.490324369717933580e-06
2.490324369717933580e-06
2.490324369717933580e-06
2.490324369717933580e-06
2.490324369717933580e-06
2.490324369717933580e-06
2.490324369717933580e-06
2.490324369717933580e-06
2.490324369717933580e-06
2.490324369717933580e-06
2.490324369717933580e-06
2.490324369717933580e-06
2.490324369717933580e-06
2.490324369717933580e-06
2.490324369717933580e-06
2.490324369717933580e-06
2.490324369717933580e-06
2.490324369717933580e-06
2.490324369717933580e-06
2.490324369717933580e-06
2.490324369717933580e-06
2.490324369717933580e-06
2.490324369717933580e-06
2.490324369717933580e-06
2.490324369717933580e-06
2.490324369717933580e-06
2.490324369717933580e-06
2.490324369717933580e-06
2.490324369717933580e-06
2.490324369717933580e-06
2.490324369717933580e-06
2.490324369717933580e-06
2.490324369717933580e-06
2.490324369717933580e-06
2.490324369717933580e-06
2.490324369717933580e-06
2.490324369717933580e-06
2.490324369717933580e-06
2.490324369717933580e-06
2.490324369717933580e-06
2.490324369717933580e-06
2.490324369717933580e-06
2.490324369717933580e-06
2.490324369717933580e-06
2.490324369717933580e-06
2.490324369717933580e-06
2.490324369717933580e-06
2.490324369717933580e-06
2.490324369717933580e-06
2.490324369717933580e-06
2.490324369717933580e-06
2.490324369717933580e-06
2.490324369717933580e-06
2.490324369717933580e-06
2.490324369717933580e-06
2.490324369717933580e-06
2.490324369717933580e-06
2.490324369717933580e-06
2.490324369717933580e-06
2.490324369717933580e-06
2.490324369717933580e-06
2.490324369717933580e-06
2.490324369717933580e-06
2.490324369717933580e-06
2.490324369717933580e-06
2.490324369717933580e-06
2.490324369717933580e-06
2.490324369717933580e-06
2.490324369717933580e-06
2.490324369717933580e-06
2.490324369717933580e-06
2.490324369717933580e-06
2.490324369717933580e-06
2.490324369717933580e-06
2.490324369717933580e-06
2.490324369717933580e-06
2.490324369717933580e-06
2.490324369717933580e-06
2.490324369717933580e-06
2.490324369717933580e-06
2.490324369717933580e-06
2.490324369717933580e-06
2.490324369717933580e-06
2.490324369717933580e-06
2.490324369717933580e-06
2.490324369717933580e-06
2.490324369717933580e-06
2.490324369717933580e-06
2.490324369717933580e-06
2.490324369717933580e-06
2.490324369717933580e-06
2.490324369717933580e-06
2.490324369717933580e-06
2.490324369717933580e-06
2.490324369717933580e-06
2.490324369717933580e-06
2.490324369717933580e-06
2.490324369717933580e-06
2.490324369717933580e-06
2.490324369717933580e-06
2.490324369717933580e-06
2.490324369717933580e-06
2.490324369717933580e-06
2.490324369717933580e-06
2.490324369717933580e-06
2.490324369717933580e-06
2.490324369717933580e-06
2.490324369717933580e-06
2.490324369717933580e-06
2.490324369717933580e-06
2.490324369717933580e-06
2.490324369717933580e-06
2.490324369717933580e-06
2.490324369717933580e-06
2.490324369717933580e-06
2.490324369717933580e-06
2.490324369717933580e-06
2.490324369717933580e-06
2.490324369717933580e-06
2.490324369717933580e-06
2.490324369717933580e-06
2.490324369717933580e-06
2.490324369717933580e-06
2.490324369717933580e-06
2.490324369717933580e-06
2.490324369717933580e-06
2.490324369717933580e-06
2.490324369717933580e-06
2.490324369717933580e-06
2.490324369717933580e-06
2.490324369717933580e-06
2.490324369717933580e-06
2.490324369717933580e-06
2.490324369717933580e-06
2.490324369717933580e-06
2.490324369717933580e-06
2.490324369717933580e-06
2.490324369717933580e-06
2.490324369717933580e-06
2.490324369717933580e-06
2.490324369717933580e-06
2.490324369717933580e-06
2.490324369717933580e-06
2.490324369717933580e-06
2.490324369717933580e-06
2.490324369717933580e-06
2.490324369717933580e-06
2.490324369717933580e-06
2.490324369717933580e-06
2.490324369717933580e-06
2.490324369717933580e-06
2.490324369717933580e-06
2.490324369717933580e-06
2.490324369717933580e-06
2.469456788174561824e-06
2.317052961831283382e-06
2.041402421575354590e-06
1.759398641204548595e-06
1.569020325811344979e-06
1.497918542538933409e-06
1.505295944183988384e-06
1.505435719578628424e-06
1.505435719578628424e-06
1.505435719578628424e-06
1.505435719578628424e-06
1.505435719578628424e-06
1.505435719578628424e-06
1.505435719578628424e-06
1.505435719578628424e-06
1.505435719578628424e-06
1.505435719578628424e-06
1.505435719578628424e-06
1.505435719578628424e-06
1.505435719578628424e-06
1.505435719578628424e-06
1.505435719578628424e-06
1.505435719578628424e-06
1.505435719578628424e-06
1.505435719578628424e-06
1.505435719578628424e-06
1.505435719578628424e-06
1.505435719578628424e-06
1.505435719578628424e-06
1.505435719578628424e-06
1.505435719578628424e-06
1.505435719578628424e-06
1.505435719578628424e-06
1.505435719578628424e-06
1.505435719578628424e-06
1.505435719578628424e-06
1.505435719578628424e-06
1.505435719578628424e-06
1.505435719578628424e-06
1.505435719578628424e-06
1.505435719578628424e-06
1.505435719578628424e-06
1.505435719578628424e-06
1.505435719578628424e-06
1.505435719578628424e-06
1.505435719578628424e-06
1.505435719578628424e-06
1.505435719578628424e-06
1.505435719578628424e-06
1.505435719578628424e-06
1.505435719578628424e-06
1.505435719578628424e-06
1.505435719578628424e-06
1.505435719578628424e-06
1.505435719578628424e-06
1.505435719578628424e-06
1.505435719578628424e-06
1.505435719578628424e-06
1.505435719578628424e-06
1.505435719578628424e-06
1.505435719578628424e-06
1.505435719578628424e-06
1.505435719578628424e-06
1.505435719578628424e-06
1.505435719578628424e-06
1.505435719578628424e-06
1.505435719578628424e-06
1.505435719578628424e-06
1.505435719578628424e-06
1.505435719578628424e-06
1.505435719578628424e-06
1.505435719578628424e-06
1.505435719578628424e-06
1.505435719578628424e-06
1.505435719578628424e-06
1.505435719578628424e-06
1.505435719578628424e-06
1.505435719578628424e-06
1.505435719578628424e-06
1.503939970804641122e-06
1.378122548036440032e-06
1.090424696081210112e-06
9.243618324808433740e-07
1.036774921533699945e-06
1.280341628083498461e-06
1.353215584038620479e-06
1.352965638664610086e-06
1.352965638664610086e-06
1.352965638664610086e-06
1.352965638664610086e-06
1.352965638664610086e-06
1.352965638664610086e-06
1.352965638664610086e-06
1.352965638664610086e-06
1.352965638664610086e-06
1.352965638664610086e-06
1.352965638664610086e-06
1.352965638664610086e-06
1.352965638664610086e-06
1.352965638664610086e-06
1.352965638664610086e-06
1.352965638664610086e-06
1.352965638664610086e-06
1.352965638664610086e-06
1.352965638664610086e-06
1.352965638664610086e-06
1.352965638664610086e-06
1.352965638664610086e-06
1.352965638664610086e-06
1.352965638664610086e-06
1.352965638664610086e-06
1.352965638664610086e-06
1.352965638664610086e-06
1.352965638664610086e-06
1.352965638664610086e-06
1.352965638664610086e-06
1.352965638664610086e-06
1.352965638664610086e-06
1.352965638664610086e-06
1.352965638664610086e-06
1.352965638664610086e-06
1.352965638664610086e-06
1.352965638664610086e-06
1.352965638664610086e-06
1.352965638664610086e-06
1.352965638664610086e-06
1.352965638664610086e-06
1.352965638664610086e-06
1.352965638664610086e-06
1.352965638664610086e-06
1.352965638664610086e-06
1.352965638664610086e-06
1.352965638664610086e-06
1.352965638664610086e-06
1.352965638664610086e-06
1.352965638664610086e-06
1.352965638664610086e-06
1.352965638664610086e-06
1.352965638664610086e-06
1.352965638664610086e-06
1.352965638664610086e-06
1.352965638664610086e-06
1.352965638664610086e-06
1.352965638664610086e-06
1.352965638664610086e-06
1.352965638664610086e-06
1.352965638664610086e-06
1.352965638664610086e-06
1.352965638664610086e-06
1.352965638664610086e-06
1.352965638664610086e-06
1.352965638664610086e-06
1.352965638664610086e-06
1.352965638664610086e-06
1.352965638664610086e-06
1.352965638664610086e-06
1.352965638664610086e-06
1.352965638664610086e-06
1.352965638664610086e-06
1.352965638664610086e-06
1.352965638664610086e-06
1.352965638664610086e-06
1.352965638664610086e-06
1.352965638664610086e-06
1.352965638664610086e-06
1.352965638664610086e-06
1.352965638664610086e-06
1.352965638664610086e-06
1.352965638664610086e-06
1.352965638664610086e-06
1.352965638664610086e-06
1.352965638664610086e-06
1.352965638664610086e-06
1.352965638664610086e-06
1.352965638664610086e-06
1.352965638664610086e-06
1.352965638664610086e-06
1.352965638664610086e-06
1.352965638664610086e-06
1.352965638664610086e-06
1.352965638664610086e-06
1.352965638664610086e-06
1.352965638664610086e-06
1.352965638664610086e-06
1.352965638664610086e-06
1.352965638664610086e-06
1.352965638664610086e-06
1.352965638664610086e-06
1.352965638664610086e-06
1.352965638664610086e-06
1.352965638664610086e-06
1.352965638664610086e-06
1.352965638664610086e-06
1.352965638664610086e-06
1.352965638664610086e-06
1.352965638664610086e-06
1.352965638664610086e-06
1.352965638664610086e-06
1.352965638664610086e-06
1.352965638664610086e-06
1.352965638664610086e-06
1.352965638664610086e-06
1.352965638664610086e-06
1.352965638664610086e-06
1.352965638664610086e-06
1.352965638664610086e-06
1.352965638664610086e-06
1.352965638664610086e-06
1.352965638664610086e-06
1.352965638664610086e-06
1.352965638664610086e-06
1.352965638664610086e-06
1.352965638664610086e-06
1.352965638664610086e-06
1.352965638664610086e-06
1.352965638664610086e-06
1.352965638664610086e-06
1.352965638664610086e-06
1.352965638664610086e-06
1.352965638664610086e-06
1.352965638664610086e-06
1.352965638664610086e-06
1.352965638664610086e-06
1.352965638664610086e-06
1.352965638664610086e-06
1.352965638664610086e-06
1.352965638664610086e-06
1.352965638664610086e-06
1.352965638664610086e-06
1.352965638664610086e-06
1.352965638664610086e-06
1.352965638664610086e-06
1.352965638664610086e-06
1.352965638664610086e-06
1.352965638664610086e-06
1.352965638664610086e-06
1.352965638664610086e-06
1.352965638664610086e-06
1.352965638664610086e-06
1.352965638664610086e-06
1.352965638664610086e-06
1.352965638664610086e-06
1.352965638664610086e-06
1.352965638664610086e-06
1.352965638664610086e-06
1.352965638664610086e-06
1.352965638664610086e-06
1.352965638664610086e-06
1.352965638664610086e-06
1.352965638664610086e-06
1.352965638664610086e-06
1.352965638664610086e-06
1.352965638664610086e-06
1.328894693678290022e-06
1.234825095494447537e-06
1.145547474961690218e-06
1.147025336488597393e-06
1.159599239409102911e-06
1.144177534131638046e-06
1.143229931378618819e-06
1.143229931378618819e-06
1.143229931378618819e-06
1.143229931378618819e-06
1.143229931378618819e-06
1.143229931378618819e-06
1.143229931378618819e-06
1.142411337558246596e-06
1.015719341526659289e-06
6.680137193429369606e-07
2.931564126936099956e-07
9.622242524125513295e-08
8.662845261272086841e-08
1.087601370788044214e-07
1.089640118272679983e-07
1.089640118272679983e-07
1.089640118272679983e-07
1.089640118272679983e-07
1.089640118272679983e-07
1.089640118272679983e-07
1.089640118272679983e-07
1.089640118272679983e-07
1.089640118272679983e-07
1.089640118272679983e-07
1.089640118272679983e-07
1.089640118272679983e-07
1.089640118272679983e-07
1.089640118272679983e-07
1.089640118272679983e-07
1.089640118272679983e-07
1.089640118272679983e-07
1.089640118272679983e-07
1.089640118272679983e-07
1.089640118272679983e-07
1.089640118272679983e-07
1.089640118272679983e-07
1.089640118272679983e-07
1.089640118272679983e-07
1.089640118272679983e-07
1.089640118272679983e-07
1.089640118272679983e-07
1.089640118272679983e-07
1.089640118272679983e-07
1.089640118272679983e-07
1.089640118272679983e-07
1.089640118272679983e-07
1.089640118272679983e-07
1.089640118272679983e-07
1.089640118272679983e-07
1.089640118272679983e-07
1.089640118272679983e-07
1.089640118272679983e-07
1.089640118272679983e-07
1.089640118272679983e-07
1.089640118272679983e-07
1.089640118272679983e-07
1.089640118272679983e-07
1.089640118272679983e-07
1.089640118272679983e-07
1.089640118272679983e-07
1.089640118272679983e-07
1.089640118272679983e-07
1.089640118272679983e-07
1.089640118272679983e-07
1.089640118272679983e-07
1.089640118272679983e-07
1.089640118272679983e-07
1.089640118272679983e-07
1.089640118272679983e-07
1.089640118272679983e-07
1.089640118272679983e-07
1.089640118272679983e-07
1.089640118272679983e-07
1.089640118272679983e-07
1.089640118272679983e-07
1.089640118272679983e-07
1.089640118272679983e-07
1.089640118272679983e-07
1.089640118272679983e-07
1.089640118272679983e-07
1.089640118272679983e-07
1.089640118272679983e-07
1.089640118272679983e-07
1.089640118272679983e-07
1.089640118272679983e-07
1.089640118272679983e-07
1.089640118272679983e-07
1.089640118272679983e-07
1.089640118272679983e-07
1.089640118272679983e-07
1.089640118272679983e-07
1.089640118272679983e-07
1.089640118272679983e-07
1.089640118272679983e-07
1.089640118272679983e-07
1.089640118272679983e-07
1.089640118272679983e-07
1.089640118272679983e-07
1.089640118272679983e-07
1.089640118272679983e-07
1.089640118272679983e-07
1.089640118272679983e-07
1.089640118272679983e-07
1.089640118272679983e-07
1.089640118272679983e-07
1.089640118272679983e-07
1.089640118272679983e-07
1.089640118272679983e-07
1.089640118272679983e-07
1.089640118272679983e-07
1.089640118272679983e-07
1.089640118272679983e-07
1.089640118272679983e-07
1.089640118272679983e-07
1.089640118272679983e-07
1.089640118272679983e-07
1.089640118272679983e-07
1.089640118272679983e-07
1.089640118272679983e-07
1.089640118272679983e-07
1.089640118272679983e-07
1.089640118272679983e-07
1.089640118272679983e-07
1.089640118272679983e-07
1.089640118272679983e-07
1.089640118272679983e-07
1.089640118272679983e-07
1.089640118272679983e-07
1.089640118272679983e-07
1.089640118272679983e-07
1.089640118272679983e-07
1.089640118272679983e-07
1.089640118272679983e-07
1.089640118272679983e-07
1.089640118272679983e-07
1.089640118272679983e-07
1.089640118272679983e-07
1.089640118272679983e-07
1.089640118272679983e-07
1.089640118272679983e-07
1.089640118272679983e-07
1.089640118272679983e-07
1.089640118272679983e-07
1.089640118272679983e-07
1.089640118272679983e-07
1.089640118272679983e-07
1.089640118272679983e-07
1.089640118272679983e-07
1.089640118272679983e-07
1.089640118272679983e-07
1.089640118272679983e-07
1.089640118272679983e-07
1.089640118272679983e-07
1.089640118272679983e-07
1.089640118272679983e-07
1.089640118272679983e-07
1.089640118272679983e-07
1.024731098554175863e-07
2.107825093811549079e-08
1.001831437609060619e-07
2.602943986351000918e-07
1.388053606422866743e-07
6.411087035807366495e-08
2.302245030713220491e-08
1.807891030662315458e-08
1.807891030662315458e-08
1.807891030662315458e-08
1.807891030662315458e-08
1.807891030662315458e-08
1.807891030662315458e-08
1.807891030662315458e-08
1.807891030662315458e-08
1.807891030662315458e-08
1.807891030662315458e-08
1.807891030662315458e-08
1.807891030662315458e-08
1.807891030662315458e-08
1.807891030662315458e-08
1.807891030662315458e-08
1.807891030662315458e-08
1.807891030662315458e-08
1.807891030662315458e-08
1.807891030662315458e-08
1.807891030662315458e-08
1.807891030662315458e-08
1.807891030662315458e-08
1.807891030662315458e-08
1.807891030662315458e-08
1.807891030662315458e-08
1.807891030662315458e-08
1.807891030662315458e-08
1.807891030662315458e-08
1.807891030662315458e-08
1.807891030662315458e-08
1.807891030662315458e-08
1.807891030662315458e-08
1.807891030662315458e-08
1.807891030662315458e-08
1.807891030662315458e-08
1.807891030662315458e-08
1.807891030662315458e-08
1.807891030662315458e-08
1.807891030662315458e-08
1.807891030662315458e-08
1.807891030662315458e-08
1.807891030662315458e-08
1.807891030662315458e-08
1.807891030662315458e-08
1.807891030662315458e-08
1.807891030662315458e-08
1.807891030662315458e-08
1.807891030662315458e-08
1.807891030662315458e-08
1.807891030662315458e-08
1.807891030662315458e-08
1.807891030662315458e-08
1.807891030662315458e-08
1.807891030662315458e-08
1.807891030662315458e-08
1.807891030662315458e-08
1.807891030662315458e-08
1.807891030662315458e-08
1.807891030662315458e-08
1.807891030662315458e-08
1.807891030662315458e-08
1.807891030662315458e-08
1.807891030662315458e-08
1.807891030662315458e-08
1.807891030662315458e-08
1.807891030662315458e-08
1.807891030662315458e-08
1.807891030662315458e-08
1.807891030662315458e-08
1.807891030662315458e-08
1.807891030662315458e-08
1.807891030662315458e-08
1.807891030662315458e-08
1.807891030662315458e-08
1.807891030662315458e-08
1.807891030662315458e-08
1.807891030662315458e-08
1.807891030662315458e-08
1.807891030662315458e-08
1.807891030662315458e-08
1.807891030662315458e-08
1.807891030662315458e-08
1.807891030662315458e-08
1.807891030662315458e-08
1.807891030662315458e-08
1.807891030662315458e-08
1.807891030662315458e-08
1.807891030662315458e-08
1.807891030662315458e-08
1.807891030662315458e-08
1.807891030662315458e-08
1.807891030662315458e-08
1.807891030662315458e-08
1.807891030662315458e-08
1.807891030662315458e-08
1.807891030662315458e-08
1.807891030662315458e-08
1.807891030662315458e-08
1.807891030662315458e-08
1.807891030662315458e-08
1.807891030662315458e-08
1.807891030662315458e-08
1.807891030662315458e-08
1.807891030662315458e-08
1.807891030662315458e-08
1.807891030662315458e-08
1.807891030662315458e-08
1.807891030662315458e-08
1.807891030662315458e-08
1.807891030662315458e-08
1.807891030662315458e-08
1.807891030662315458e-08
1.807891030662315458e-08
1.807891030662315458e-08
1.807891030662315458e-08
1.807891030662315458e-08
1.807891030662315458e-08
1.807891030662315458e-08
1.807891030662315458e-08
1.807891030662315458e-08
1.807891030662315458e-08
1.807891030662315458e-08
1.807891030662315458e-08
1.807891030662315458e-08
1.807891030662315458e-08
1.807891030662315458e-08
1.807891030662315458e-08
1.807891030662315458e-08
1.807891030662315458e-08
1.807891030662315458e-08
1.807891030662315458e-08
1.791370178647294177e-08
1.493043318441944218e-08
1.237107471066075772e-08
1.225047384271363748e-08
1.387137422192494237e-08
1.714046892257472063e-08
1.754240958710914195e-08
1.754240958710914195e-08
1.217401230454999230e-08
9.918931490944923994e-09
4.956563308968911006e-08
2.978161858271995790e-08
5.499596775270623427e-09
1.050781062233056090e-08
1.047062403564448067e-08
1.047062403564448067e-08
1.047062403564448067e-08
1.047062403564448067e-08
1.047062403564448067e-08
1.047062403564448067e-08
1.047062403564448067e-08
1.047062403564448067e-08
1.047062403564448067e-08
1.047062403564448067e-08
1.047062403564448067e-08
1.047062403564448067e-08
1.047062403564448067e-08
1.047062403564448067e-08
1.047062403564448067e-08
1.047062403564448067e-08
1.047062403564448067e-08
1.047062403564448067e-08
1.047062403564448067e-08
1.047062403564448067e-08
1.047062403564448067e-08
1.047062403564448067e-08
1.047062403564448067e-08
1.047062403564448067e-08
1.047062403564448067e-08
1.047062403564448067e-08
1.047062403564448067e-08
1.047062403564448067e-08
1.047062403564448067e-08
1.047062403564448067e-08
1.047062403564448067e-08
1.047062403564448067e-08
1.047062403564448067e-08
1.047062403564448067e-08
1.047062403564448067e-08
1.047062403564448067e-08
1.047062403564448067e-08
1.047062403564448067e-08
1.047062403564448067e-08
1.047062403564448067e-08
1.047062403564448067e-08
1.047062403564448067e-08
1.047062403564448067e-08
1.047062403564448067e-08
1.047062403564448067e-08
1.047062403564448067e-08
1.047062403564448067e-08
1.047062403564448067e-08
1.047062403564448067e-08
1.047062403564448067e-08
1.047062403564448067e-08
1.047062403564448067e-08
1.047062403564448067e-08
1.047062403564448067e-08
1.047062403564448067e-08
1.047062403564448067e-08
1.047062403564448067e-08
1.047062403564448067e-08
1.047062403564448067e-08
1.047062403564448067e-08
1.047062403564448067e-08
1.047062403564448067e-08
1.047062403564448067e-08
1.047062403564448067e-08
1.047062403564448067e-08
1.047062403564448067e-08
1.047062403564448067e-08
1.047062403564448067e-08
1.047062403564448067e-08
1.047062403564448067e-08
1.047062403564448067e-08
1.047062403564448067e-08
1.047062403564448067e-08
1.047062403564448067e-08
1.047062403564448067e-08
1.047062403564448067e-08
1.047062403564448067e-08
1.047062403564448067e-08
1.047062403564448067e-08
1.047062403564448067e-08
1.047062403564448067e-08
1.047062403564448067e-08
1.047062403564448067e-08
1.047062403564448067e-08
1.047062403564448067e-08
1.047062403564448067e-08
1.047062403564448067e-08
1.047062403564448067e-08
1.047062403564448067e-08
1.047062403564448067e-08
1.047062403564448067e-08
1.047062403564448067e-08
1.047062403564448067e-08
1.047062403564448067e-08
1.047062403564448067e-08
1.047062403564448067e-08
1.047062403564448067e-08
1.047062403564448067e-08
1.047062403564448067e-08
1.047062403564448067e-08
1.047062403564448067e-08
1.047062403564448067e-08
1.047062403564448067e-08
1.047062403564448067e-08
1.047062403564448067e-08
1.047062403564448067e-08
1.047062403564448067e-08
1.047062403564448067e-08
1.047062403564448067e-08
1.047062403564448067e-08
1.047062403564448067e-08
1.047062403564448067e-08
1.047062403564448067e-08
1.047062403564448067e-08
1.047062403564448067e-08
1.047062403564448067e-08
1.047062403564448067e-08
1.047062403564448067e-08
1.047062403564448067e-08
1.047062403564448067e-08
1.047062403564448067e-08
1.047062403564448067e-08
1.047062403564448067e-08
1.047062403564448067e-08
1.047062403564448067e-08
1.047062403564448067e-08
1.047062403564448067e-08
1.047062403564448067e-08
1.047062403564448067e-08
1.047062403564448067e-08
1.047062403564448067e-08
1.047062403564448067e-08
1.047062403564448067e-08
1.047062403564448067e-08
1.047062403564448067e-08
1.047062403564448067e-08
1.047062403564448067e-08
1.047062403564448067e-08
1.047062403564448067e-08
1.047062403564448067e-08
1.047062403564448067e-08
1.047062403564448067e-08
1.047062403564448067e-08
1.047062403564448067e-08
1.047062403564448067e-08
1.047062403564448067e-08
1.047062403564448067e-08
1.047062403564448067e-08
1.047062403564448067e-08
1.047062403564448067e-08
1.047062403564448067e-08
1.041448041327950206e-08
9.285711163492726274e-09
7.609499753631165889e-09
7.208655533435127998e-09
8.382341912984793410e-09
9.935495409991905100e-09
1.030698043477484959e-08
1.030698043477484959e-08
1.030698043477484959e-08
1.030698043477484959e-08
1.045670754137255999e-08
1.741276167919125289e-08
4.036765733220916848e-08
5.211317368191378421e-08
3.118840204783288046e-08
1.416334747798362757e-08
1.179993061392988116e-08
1.179993061392988116e-08
1.179993061392988116e-08
1.179993061392988116e-08
1.179993061392988116e-08
1.179993061392988116e-08
1.179993061392988116e-08
1.179993061392988116e-08
1.179993061392988116e-08
1.179993061392988116e-08
1.179993061392988116e-08
1.179993061392988116e-08
1.179993061392988116e-08
1.179993061392988116e-08
1.179993061392988116e-08
1.179993061392988116e-08
1.179993061392988116e-08
1.179993061392988116e-08
1.179993061392988116e-08
1.179993061392988116e-08
1.179993061392988116e-08
1.179993061392988116e-08
1.179993061392988116e-08
1.179993061392988116e-08
1.179993061392988116e-08
1.179993061392988116e-08
1.179993061392988116e-08
1.179993061392988116e-08
1.179993061392988116e-08
1.179993061392988116e-08
1.179993061392988116e-08
1.179993061392988116e-08
1.179993061392988116e-08
1.179993061392988116e-08
1.179993061392988116e-08
1.179993061392988116e-08
1.179993061392988116e-08
1.179993061392988116e-08
1.179993061392988116e-08
1.179993061392988116e-08
1.179993061392988116e-08
1.179993061392988116e-08
1.179993061392988116e-08
1.179993061392988116e-08
1.179993061392988116e-08
1.179993061392988116e-08
1.179993061392988116e-08
1.179993061392988116e-08
1.179993061392988116e-08
1.179993061392988116e-08
1.179993061392988116e-08
1.179993061392988116e-08
1.179993061392988116e-08
1.179993061392988116e-08
1.179993061392988116e-08
1.179993061392988116e-08
1.179993061392988116e-08
1.179993061392988116e-08
1.179993061392988116e-08
1.179993061392988116e-08
1.179993061392988116e-08
1.179993061392988116e-08
1.179993061392988116e-08
1.179993061392988116e-08
1.179993061392988116e-08
1.179993061392988116e-08
1.179993061392988116e-08
1.179993061392988116e-08
1.179993061392988116e-08
1.179993061392988116e-08
1.179993061392988116e-08
1.179993061392988116e-08
1.179993061392988116e-08
1.179993061392988116e-08
1.179993061392988116e-08
1.179993061392988116e-08
1.179993061392988116e-08
1.179993061392988116e-08
1.179993061392988116e-08
1.179993061392988116e-08
1.179993061392988116e-08
1.179993061392988116e-08
1.179993061392988116e-08
1.179993061392988116e-08
1.179993061392988116e-08
1.179993061392988116e-08
1.179993061392988116e-08
1.179993061392988116e-08
1.179993061392988116e-08
1.179993061392988116e-08
1.179993061392988116e-08
1.179993061392988116e-08
1.179993061392988116e-08
1.179993061392988116e-08
1.179993061392988116e-08
1.179993061392988116e-08
1.179993061392988116e-08
1.179993061392988116e-08
1.179993061392988116e-08
1.179993061392988116e-08
1.179993061392988116e-08
1.179993061392988116e-08
1.179993061392988116e-08
1.179993061392988116e-08
1.179993061392988116e-08
1.179993061392988116e-08
1.179993061392988116e-08
1.179993061392988116e-08
1.179993061392988116e-08
1.179993061392988116e-08
1.179993061392988116e-08
1.179993061392988116e-08
1.179993061392988116e-08
1.179993061392988116e-08
1.179993061392988116e-08
1.179993061392988116e-08
1.179993061392988116e-08
1.179993061392988116e-08
1.179993061392988116e-08
1.179993061392988116e-08
1.179993061392988116e-08
1.179993061392988116e-08
1.179993061392988116e-08
1.179993061392988116e-08
1.179993061392988116e-08
1.179993061392988116e-08
1.179993061392988116e-08
1.179993061392988116e-08
1.179993061392988116e-08
1.179993061392988116e-08
1.179993061392988116e-08
1.179993061392988116e-08
1.179993061392988116e-08
1.179993061392988116e-08
1.179993061392988116e-08
1.179993061392988116e-08
1.179993061392988116e-08
1.179993061392988116e-08
1.179993061392988116e-08
1.179993061392988116e-08
1.179993061392988116e-08
1.179993061392988116e-08
1.179993061392988116e-08
1.179993061392988116e-08
1.179993061392988116e-08
1.179993061392988116e-08
1.179993061392988116e-08
1.179993061392988116e-08
1.179993061392988116e-08
1.179993061392988116e-08
1.179993061392988116e-08
1.179993061392988116e-08
1.179993061392988116e-08
1.179993061392988116e-08
1.179993061392988116e-08
1.179993061392988116e-08
1.179993061392988116e-08
1.179993061392988116e-08
1.179993061392988116e-08
1.179993061392988116e-08
1.179993061392988116e-08
1.179993061392988116e-08
1.179993061392988116e-08
1.179993061392988116e-08
1.179993061392988116e-08
1.179993061392988116e-08
1.179993061392988116e-08
1.179993061392988116e-08
1.179993061392988116e-08
1.179993061392988116e-08
1.179993061392988116e-08
1.179993061392988116e-08
1.179993061392988116e-08
1.179993061392988116e-08
1.179993061392988116e-08
1.179993061392988116e-08
1.179993061392988116e-08
1.179993061392988116e-08
1.179993061392988116e-08
1.179993061392988116e-08
1.179993061392988116e-08
1.179993061392988116e-08
1.179993061392988116e-08
1.179993061392988116e-08
1.179993061392988116e-08
1.179993061392988116e-08
1.179993061392988116e-08
1.179993061392988116e-08
1.179993061392988116e-08
1.179993061392988116e-08
1.179993061392988116e-08
1.179993061392988116e-08
1.179993061392988116e-08
1.179993061392988116e-08
1.179993061392988116e-08
1.179993061392988116e-08
1.179993061392988116e-08
1.179993061392988116e-08
1.179993061392988116e-08
1.179993061392988116e-08
1.179993061392988116e-08
1.179993061392988116e-08
1.179993061392988116e-08
1.179993061392988116e-08
1.179993061392988116e-08
1.179993061392988116e-08
1.179993061392988116e-08
1.179993061392988116e-08
1.179993061392988116e-08
1.179993061392988116e-08
1.179993061392988116e-08
1.179993061392988116e-08
1.179993061392988116e-08
1.179993061392988116e-08
1.179993061392988116e-08
1.179993061392988116e-08
1.179993061392988116e-08
1.179993061392988116e-08
1.179993061392988116e-08
1.179993061392988116e-08
1.179993061392988116e-08
1.179993061392988116e-08
1.179993061392988116e-08
1.179993061392988116e-08
1.179993061392988116e-08
1.179993061392988116e-08
1.179993061392988116e-08
1.179993061392988116e-08
1.179993061392988116e-08
1.179993061392988116e-08
1.179993061392988116e-08
1.179993061392988116e-08
1.179993061392988116e-08
1.179993061392988116e-08
1.179993061392988116e-08
1.179993061392988116e-08
1.179993061392988116e-08
1.179993061392988116e-08
1.179993061392988116e-08
1.179993061392988116e-08
1.179993061392988116e-08
1.179993061392988116e-08
1.179993061392988116e-08
1.179993061392988116e-08
1.179993061392988116e-08
1.179993061392988116e-08
1.179993061392988116e-08
1.179993061392988116e-08
1.179993061392988116e-08
1.179993061392988116e-08
1.179993061392988116e-08
1.179993061392988116e-08
1.179993061392988116e-08
1.179993061392988116e-08
1.179993061392988116e-08
1.179993061392988116e-08
1.179993061392988116e-08
1.179993061392988116e-08
1.179993061392988116e-08
1.179993061392988116e-08
1.179993061392988116e-08
1.179993061392988116e-08
1.179993061392988116e-08
1.179993061392988116e-08
1.179993061392988116e-08
1.179993061392988116e-08
1.179993061392988116e-08
1.179993061392988116e-08
1.179993061392988116e-08
1.179993061392988116e-08
